50
8
5
14 7 22 45 0
16
22 1 48 17 38 50 8 16 32 18 23 42 11 29 38 0
16
14 17 11 39 17 24 50 7 6 9 46 21 26 21 38 0
16
40 1 4 6 35 13 34 12 44 22 24 28 43 29 19 0
8
2 42 33 10 29 9 28 0
18
44 19 9 50 12 25 50 5 19 31 49 10 40 50 34 6 21 0
7
2 25 34 21 47 3 0
14
2 3 30 1 2 36 41 46 21 31 41 44 16 0
4 13
6
8
28 40 25 14 34 6 35 0
8
24 20 22 37 7 29 17 0
10
38 13 32 12 10 34 8 32 34 0
18
43 12 19 5 13 26 42 35 6 7 44 12 31 43 26 2 4 0
19
11 45 50 41 50 8 8 16 26 13 18 47 42 11 43 5 19 46 0
14
32 44 29 14 16 15 14 18 17 31 1 36 40 0
37 15
18
6
50 44 6 7 6 0
8
10 33 5 11 43 12 38 0
16
32 14 35 18 6 50 39 16 37 24 39 17 5 3 33 0
7
40 23 49 44 43 29 0
11
37 12 22 49 15 45 36 28 34 18 0
6
36 31 27 37 49 0
8
41 43 46 49 17 47 25 0
20
1 20 24 24 5 23 46 19 19 6 6 39 23 45 32 35 38 25 4 0
6
42 46 49 10 6 0
7
47 42 22 43 12 38 0
11
49 30 32 34 15 50 8 45 9 50 0
16
28 38 5 13 36 2 5 38 23 5 36 45 35 35 42 0
10
46 11 41 28 8 3 43 47 20 0
14
3 44 28 43 39 5 1 6 38 50 44 35 26 0
6
2 37 27 31 26 0
9
31 2 14 21 46 10 7 27 0
17
11 7 28 43 20 15 40 37 12 49 3 11 19 31 27 5 0
18
14 38 36 11 48 47 12 3 35 48 19 9 19 6 24 32 13 0
50 2
7
15
37 40 33 31 50 6 11 6 41 37 33 35 31 41 0
6
28 30 16 36 35 0
14
34 27 18 43 36 34 40 43 8 46 2 48 44 0
11
21 18 17 11 10 28 5 39 1 49 0
14
48 21 48 47 11 45 15 49 17 47 44 13 10 0
6
21 14 18 26 29 0
18
2 26 5 48 38 7 43 21 38 27 38 38 44 14 10 43 41 0
42 12
5
8
20 1 49 20 31 26 3 0
6
24 24 9 10 46 0
7
32 5 19 31 17 21 0
9
24 1 3 33 16 16 1 50 0
5
15 27 35 13 0
17 7
13
11
19 45 46 48 49 14 25 20 28 34 0
20
37 2 22 10 27 37 1 1 8 40 18 47 17 7 18 18 24 41 42 0
6
4 50 46 41 38 0
12
27 30 23 16 4 5 45 24 41 17 2 0
12
49 42 7 19 40 39 4 43 4 29 18 0
11
40 40 24 31 13 6 40 30 22 31 0
11
45 13 44 29 36 35 20 18 34 13 0
17
18 34 11 45 10 6 4 23 14 8 46 45 6 42 24 9 0
9
31 48 13 5 17 27 4 17 0
18
21 35 24 25 30 26 14 26 20 25 33 2 17 32 25 1 46 0
7
4 5 36 19 11 7 0
10
36 50 14 25 42 29 37 50 19 0
9
28 38 30 43 25 26 21 39 0
31 7
19
5
48 7 30 24 0
13
14 4 6 42 1 24 20 13 47 10 13 38 0
5
27 28 4 49 0
5
16 20 7 13 0
8
34 42 1 23 13 19 5 0
12
21 18 18 8 4 22 15 3 15 16 46 0
20
41 28 20 5 3 13 47 1 9 20 14 6 31 13 38 18 39 37 13 0
8
27 46 49 34 40 29 39 0
11
10 20 3 43 23 35 38 6 38 8 0
8
26 12 38 37 37 50 27 0
11
38 44 49 25 35 3 19 2 11 24 0
19
31 11 44 44 14 48 35 16 9 47 50 16 4 3 16 11 13 13 0
12
26 9 47 29 17 27 44 3 16 21 37 0
7
24 36 6 28 30 29 0
10
44 38 13 3 33 28 36 5 42 0
20
4 50 38 45 16 3 39 6 9 27 32 30 49 47 21 15 34 44 37 0
5
18 37 28 48 0
14
22 3 6 43 46 42 26 30 47 17 33 6 21 0
15
36 25 21 37 18 14 3 39 27 22 17 38 49 13 0
28 11
12
9
15 21 46 35 45 34 34 45 0
12
41 37 1 27 35 44 18 34 22 40 32 0
9
37 16 43 36 48 23 11 9 0
15
36 31 23 25 26 48 6 48 10 9 15 20 36 33 0
14
44 34 16 16 15 17 27 35 10 20 4 9 5 0
14
50 23 27 30 25 29 18 46 34 35 45 5 46 0
7
16 8 50 3 4 13 0
16
47 23 6 46 19 19 45 12 36 48 30 29 21 28 14 0
17
2 10 8 1 25 13 33 36 23 26 32 7 39 4 44 36 0
11
19 35 38 35 33 1 33 28 31 47 0
11
41 25 33 36 44 20 21 43 15 13 0
17
49 12 5 25 46 33 12 33 5 35 24 37 16 28 40 31 0
43 6
15
9
48 8 1 39 32 16 39 48 0
8
46 49 36 27 31 23 24 0
15
3 38 9 22 24 25 45 10 40 2 34 31 43 42 0
10
43 41 38 31 25 19 34 44 50 0
13
16 42 25 3 14 40 28 9 30 9 15 14 0
7
18 1 44 29 35 3 0
17
2 31 50 10 6 47 49 10 18 26 19 39 20 10 39 24 0
8
31 16 45 9 32 33 19 0
6
35 4 13 8 8 0
7
17 38 19 15 26 48 0
7
25 24 49 19 27 5 0
14
39 17 37 31 42 38 37 35 18 34 36 42 18 0
6
18 1 2 33 46 0
17
13 7 47 48 3 13 47 1 42 4 15 28 44 21 46 49 0
13
32 32 32 9 29 50 20 6 6 26 26 32 0
10 19
6
17
31 29 30 16 6 11 35 28 37 31 32 42 4 15 14 26 0
15
1 3 27 8 34 28 38 6 5 29 1 50 33 48 0
9
18 33 43 34 23 37 32 33 0
17
20 22 12 45 29 8 6 46 28 39 22 30 31 24 36 35 0
17
38 2 11 5 29 47 37 29 24 20 44 14 41 11 37 26 0
5
10 12 43 37 0
29 15
11
7
23 13 23 45 11 13 0
10
40 14 24 28 16 29 10 27 19 0
13
9 41 13 23 24 15 8 1 18 24 40 33 0
15
6 48 41 11 19 14 31 35 30 2 21 47 36 17 0
10
17 26 36 50 2 19 19 50 50 0
14
42 5 23 41 34 33 48 33 43 32 34 23 23 0
14
47 16 26 26 15 20 23 12 15 42 47 49 24 0
11
36 31 40 49 28 8 40 27 29 30 0
6
45 17 7 40 16 0
10
22 38 14 40 40 33 13 27 49 0
18
46 28 1 10 4 24 7 28 11 8 48 11 39 42 10 30 30 0
39 14
10
18
39 7 5 27 43 21 19 50 30 22 35 2 22 44 4 17 12 0
9
23 19 26 7 17 47 6 20 0
9
9 43 1 39 2 22 30 49 0
13
40 41 18 34 22 14 23 4 13 35 11 28 0
15
33 29 17 13 37 24 32 9 6 26 30 16 17 39 0
12
16 44 22 23 25 45 30 26 45 45 40 0
19
46 14 3 46 47 50 49 22 12 3 22 4 3 25 29 17 18 46 0
8
29 15 39 1 9 10 41 0
19
5 15 37 24 48 35 37 6 2 50 23 49 21 21 44 22 3 11 0
7
42 16 27 37 10 11 0
22 6
5
5
13 39 3 40 0
12
28 29 30 25 38 33 49 3 33 2 8 0
5
5 26 41 3 0
9
25 41 36 38 12 16 48 2 0
13
14 41 2 42 3 31 49 35 30 11 3 28 0
29 18
20
20
31 46 33 18 49 13 15 10 37 27 8 4 31 39 21 19 20 8 50 0
10
39 29 23 10 49 26 5 14 16 0
17
28 10 44 24 44 7 18 34 12 8 41 49 26 2 47 40 0
5
41 12 3 38 0
16
26 17 6 45 9 45 5 19 44 5 14 48 47 8 9 0
18
29 41 37 10 27 13 16 24 16 10 46 32 48 41 39 19 35 0
20
34 14 45 19 3 11 6 23 29 46 25 10 7 10 27 46 44 43 39 0
9
46 16 13 46 23 47 28 36 0
14
25 4 29 36 23 13 44 30 19 29 1 4 31 0
9
33 43 31 20 33 12 5 36 0
6
33 47 13 12 45 0
7
45 40 9 14 49 3 0
19
7 15 1 37 13 42 5 16 37 31 6 37 25 11 47 14 25 28 0
11
1 2 15 49 33 49 3 44 21 4 0
18
39 48 44 24 14 28 46 39 4 14 40 23 35 20 49 43 11 0
7
46 33 18 3 12 30 0
7
23 18 18 50 24 20 0
9
20 41 46 27 17 42 39 9 0
9
9 8 26 4 36 28 26 6 0
17
7 28 38 35 19 31 29 30 45 28 47 40 33 30 36 28 0
34 11
9
6
39 10 47 39 36 0
5
40 25 2 44 0
11
18 26 5 40 18 40 30 47 18 4 0
16
17 19 24 22 5 11 12 44 20 32 30 12 33 27 21 0
10
33 45 11 44 29 31 43 43 31 0
14
39 10 36 42 13 16 27 34 13 44 44 4 16 0
17
25 21 19 26 33 15 29 21 25 16 13 28 17 28 8 31 0
17
46 2 36 49 27 14 48 34 24 48 27 8 9 44 33 8 0
8
12 33 27 21 31 29 12 0
44 19
9
6
8 9 13 27 13 0
14
28 12 7 18 18 30 2 28 6 18 41 12 49 0
5
6 48 49 44 0
14
20 31 6 3 30 31 21 24 31 32 41 14 50 0
8
47 29 22 16 35 27 29 0
17
47 25 9 25 9 5 40 37 11 40 17 35 28 19 27 23 0
18
26 20 29 21 33 26 42 17 48 35 48 9 48 27 25 5 20 0
20
48 44 22 38 4 46 12 9 35 37 45 47 47 25 50 19 20 21 6 0
10
42 8 46 6 13 17 29 19 11 0
50 7
15
14
42 8 42 27 32 21 34 5 17 48 42 40 18 0
18
1 46 29 18 50 4 5 39 22 48 37 38 21 20 14 8 2 0
19
49 3 20 23 45 30 49 28 18 48 1 32 31 35 11 28 28 1 0
16
33 41 30 14 5 16 11 37 9 22 6 16 42 14 6 0
14
35 18 21 46 4 49 21 22 29 41 16 31 6 0
8
2 42 21 33 4 16 42 0
13
18 18 30 33 50 27 28 10 50 28 22 43 0
20
47 32 13 37 5 9 47 43 7 32 35 24 39 30 5 5 40 28 16 0
18
13 10 33 13 25 46 22 7 22 14 47 13 13 42 32 44 4 0
17
16 3 49 29 46 18 38 24 11 9 16 31 33 22 48 26 0
5
18 27 30 12 0
15
8 38 50 17 10 20 2 41 29 45 29 5 48 29 0
7
4 8 46 43 42 45 0
5
15 31 38 11 0
9
39 33 14 24 40 48 15 3 0
42 13
17
12
31 9 37 24 23 32 14 50 2 41 13 0
15
46 28 43 31 2 32 18 40 7 29 25 9 20 18 0
6
1 2 9 18 48 0
20
4 30 5 37 13 38 34 23 14 14 6 10 20 8 37 27 5 41 28 0
5
1 12 31 38 0
17
20 12 27 49 39 9 26 47 28 10 45 44 4 20 19 17 0
18
32 6 27 30 36 13 45 6 24 14 13 12 26 10 25 10 27 0
18
42 29 23 14 12 39 9 15 12 32 5 38 42 5 26 19 41 0
5
5 15 18 22 0
7
49 10 6 44 32 30 0
18
47 1 28 33 15 40 38 11 3 45 50 32 45 43 20 43 19 0
7
35 42 37 20 47 11 0
17
45 50 43 48 4 2 41 45 22 4 11 32 12 13 36 33 0
16
33 29 49 26 26 12 27 28 49 11 21 25 5 3 2 0
18
28 37 36 12 25 19 34 36 33 36 10 22 41 36 42 21 49 0
5
24 12 37 28 0
9
19 8 31 12 29 7 28 16 0
22 3
19
5
36 4 11 37 0
9
39 45 13 5 38 11 40 34 0
17
22 26 31 41 4 43 8 44 6 19 46 5 39 20 7 37 0
16
27 14 38 36 34 42 23 8 17 36 48 15 17 17 24 0
15
37 41 34 11 12 41 17 17 36 40 34 17 34 5 0
18
19 21 33 31 8 41 26 6 9 23 49 19 27 9 13 19 38 0
20
19 42 14 1 31 27 19 36 8 14 27 8 42 47 30 7 50 14 40 0
14
14 24 45 48 14 29 44 34 40 5 10 34 26 0
18
40 13 6 41 42 41 27 28 39 41 35 13 3 45 45 36 26 0
17
5 19 33 22 35 30 21 1 6 28 49 3 48 15 4 28 0
15
12 14 42 10 46 19 18 3 34 44 14 16 37 38 0
17
19 2 40 32 4 45 50 10 48 23 20 15 31 25 13 37 0
16
4 8 44 38 30 36 49 23 43 26 5 38 13 40 18 0
16
43 43 44 26 2 22 4 45 43 35 15 44 43 47 18 0
8
46 25 7 32 15 11 20 0
20
38 36 27 22 21 17 22 18 23 37 17 43 16 38 47 8 22 27 18 0
10
41 21 11 11 43 18 17 21 21 0
11
48 44 49 26 44 23 14 13 17 27 0
5
47 24 2 34 0
18 6
20
9
12 6 21 22 40 29 18 16 0
18
25 33 25 4 49 39 18 18 32 15 5 30 42 49 41 36 35 0
18
29 34 39 27 12 20 30 43 49 33 12 26 31 22 22 47 45 0
18
1 13 30 19 44 9 48 17 46 25 9 18 26 20 26 9 44 0
8
5 37 5 7 9 25 39 0
8
41 46 38 43 21 10 44 0
5
50 12 47 4 0
5
30 15 39 14 0
17
3 7 46 11 17 14 47 15 13 2 24 13 41 36 6 45 0
10
3 32 47 2 30 24 24 42 15 0
9
8 35 31 17 41 47 9 46 0
8
29 6 23 30 38 44 12 0
10
4 36 4 18 44 5 41 23 45 0
16
32 26 12 33 46 43 16 8 4 2 18 43 48 8 46 0
12
33 26 33 1 20 2 43 26 31 23 25 0
9
1 37 3 42 30 35 49 16 0
16
36 22 31 24 3 37 26 47 1 45 31 27 37 40 9 0
18
13 7 31 2 50 1 27 30 27 6 45 33 49 37 41 10 19 0
11
44 14 13 32 28 10 23 48 42 5 0
6
14 16 31 16 17 0
40 11
12
8
27 46 41 33 13 39 49 0
18
41 48 8 23 42 18 26 5 39 26 11 12 30 47 18 13 28 0
11
23 36 11 45 8 12 38 16 41 43 0
15
8 23 11 42 39 15 35 7 20 9 1 5 29 2 0
9
48 11 9 45 8 32 39 45 0
10
16 30 15 33 15 5 24 17 28 0
15
44 44 29 28 4 33 50 14 11 37 25 35 38 5 0
16
18 4 5 42 25 36 5 11 7 28 28 14 41 5 33 0
6
46 11 4 35 1 0
13
46 49 1 19 21 15 25 17 35 31 45 8 0
13
34 23 39 50 17 18 45 2 44 18 4 16 0
18
38 7 23 35 31 19 14 37 41 18 29 50 1 12 41 42 43 0
50 3
10
17
8 26 40 35 42 20 15 22 43 7 26 9 21 7 15 35 0
5
1 21 12 35 0
6
10 33 28 5 27 0
19
15 23 50 24 21 42 6 47 44 46 45 26 46 36 34 34 20 39 0
11
3 4 7 25 28 27 36 30 22 13 0
16
11 22 48 39 7 40 40 16 2 16 14 17 49 23 4 0
12
35 41 34 44 32 19 45 3 35 49 50 0
18
21 23 15 29 22 33 12 19 48 27 49 22 22 33 11 10 48 0
5
3 48 46 20 0
13
25 49 22 25 8 12 7 18 6 47 21 34 0
46 11
19
13
5 7 45 14 27 35 6 48 34 12 23 45 0
9
4 18 24 27 45 26 20 36 0
5
46 40 41 43 0
10
10 23 25 17 42 24 30 27 3 0
12
8 23 20 37 47 14 24 20 21 38 41 0
14
27 35 41 31 33 12 7 16 24 36 6 50 6 0
9
38 33 23 31 22 22 3 48 0
10
25 30 47 12 34 9 9 8 16 0
16
13 20 41 8 22 50 39 49 18 11 22 43 41 33 2 0
7
28 47 15 44 17 37 0
20
47 46 21 49 23 21 3 45 31 5 43 37 25 30 32 4 32 25 15 0
14
39 31 6 27 39 20 20 46 32 8 31 46 49 0
17
44 14 35 23 26 10 38 3 6 6 11 26 30 28 41 6 0
15
14 37 45 17 38 40 38 9 16 30 19 16 37 9 0
8
30 20 29 29 31 18 27 0
13
1 8 23 8 15 6 3 36 21 49 25 15 0
8
23 7 25 30 50 1 6 0
18
18 4 9 31 9 20 8 32 5 23 5 34 18 25 8 7 49 0
16
11 11 9 1 5 13 9 49 34 29 14 5 23 18 27 0
9 4
17
13
32 50 46 32 48 25 28 9 3 23 19 4 0
7
4 5 14 21 47 23 0
18
5 10 24 49 29 15 26 24 8 36 37 40 48 47 39 13 26 0
12
44 24 26 10 2 22 39 9 47 5 12 0
6
13 45 47 32 12 0
8
30 11 6 35 12 41 8 0
7
27 18 26 23 26 24 0
9
36 37 25 28 6 13 28 9 0
7
41 25 47 15 1 34 0
18
19 17 8 1 15 10 8 31 32 36 5 26 11 29 35 12 30 0
8
29 15 19 48 22 9 8 0
12
9 38 42 41 19 38 2 40 30 34 10 0
6
1 8 37 30 15 0
18
48 28 39 12 20 26 41 5 37 26 15 31 15 19 21 13 42 0
10
18 40 9 22 14 40 45 23 35 0
16
40 36 38 11 15 37 42 24 38 37 50 4 34 40 16 0
12
23 40 23 49 5 48 11 21 20 16 12 0
38 9
6
20
25 49 32 41 42 15 5 20 41 30 43 12 1 12 12 11 50 5 42 0
7
6 12 21 26 48 18 0
16
37 4 27 42 29 9 37 8 23 48 30 11 50 43 42 0
8
15 12 22 21 10 46 6 0
13
38 27 8 29 48 41 50 10 30 8 47 30 0
6
12 37 23 22 45 0
10 3
12
19
22 32 1 3 41 30 37 32 7 21 1 32 42 28 47 36 21 9 0
12
26 11 39 39 37 12 5 41 25 43 2 0
17
20 5 49 32 43 8 9 8 34 27 13 32 43 16 39 42 0
11
20 34 7 21 49 6 2 25 25 1 0
13
37 29 23 40 31 10 1 47 29 24 43 18 0
11
33 11 46 14 16 12 23 8 10 35 0
19
31 33 40 27 12 30 2 14 15 10 27 19 16 12 28 31 28 18 0
19
41 46 34 40 38 3 37 11 21 49 27 35 21 29 30 32 10 30 0
17
8 8 8 42 3 33 43 24 12 49 31 5 15 22 9 41 0
7
31 28 8 21 10 17 0
14
42 35 37 23 3 3 30 38 9 45 18 2 3 0
6
15 35 49 24 14 0
19 20
20
16
31 29 28 20 42 31 49 50 32 10 24 23 29 7 2 0
5
48 39 8 22 0
8
1 44 29 41 36 4 49 0
19
2 19 14 23 7 10 36 30 26 3 31 15 42 49 34 33 37 32 0
15
34 22 13 19 43 39 38 17 27 50 16 11 38 6 0
19
49 26 7 42 19 40 19 17 27 28 29 5 23 4 5 34 39 49 0
16
5 47 17 21 7 7 30 24 22 4 3 40 20 17 45 0
16
6 37 29 50 19 9 8 18 39 34 33 48 12 22 2 0
13
25 38 36 18 5 34 17 41 18 17 15 38 0
8
20 23 12 6 14 26 12 0
11
29 40 32 35 36 40 36 25 25 13 0
10
5 30 10 18 44 15 46 49 5 0
18
42 30 1 10 19 14 41 21 44 36 39 9 50 1 49 49 30 0
12
17 18 24 44 49 9 30 5 8 38 46 0
6
46 38 11 20 23 0
9
48 20 1 29 12 25 32 11 0
18
29 16 46 10 6 9 42 28 6 14 18 21 33 48 43 28 5 0
15
34 34 43 41 33 50 38 35 41 34 4 46 15 9 0
16
30 38 13 46 45 4 22 48 21 46 33 26 20 24 6 0
13
17 28 2 42 14 34 50 21 42 6 13 33 0
33 15
5
7
30 38 47 48 50 3 0
10
46 26 24 48 8 1 34 43 48 0
5
16 37 14 27 0
11
12 11 35 41 10 14 35 5 27 21 0
14
37 36 2 32 30 39 17 35 27 40 42 24 44 0
49 7
18
19
3 25 41 48 41 6 6 34 31 26 30 42 28 41 11 26 22 37 0
16
16 50 50 6 9 30 11 36 14 32 32 16 15 8 16 0
7
9 28 45 16 2 25 0
7
14 6 16 3 45 44 0
6
31 25 18 46 31 0
11
47 50 23 1 50 33 45 21 19 10 0
14
1 49 27 47 21 23 47 31 5 4 5 1 28 0
18
44 2 20 13 8 17 9 17 23 29 23 7 34 21 8 29 14 0
15
21 41 2 21 7 38 31 32 18 35 43 45 2 20 0
6
44 44 23 1 28 0
16
10 28 13 11 15 19 14 47 48 45 31 24 5 46 30 0
12
25 37 35 20 26 30 42 28 19 4 18 0
14
31 48 18 11 30 37 20 24 15 34 17 31 19 0
17
8 42 29 32 49 7 12 10 1 25 48 20 18 48 35 11 0
11
14 17 25 3 29 20 1 48 50 6 0
14
50 22 30 8 6 30 41 26 29 40 6 6 43 0
13
16 40 9 47 48 8 32 2 9 39 28 15 0
19
15 37 30 2 39 46 14 15 1 16 9 44 49 25 24 11 7 31 0
43 6
14
11
11 9 25 40 16 7 19 39 48 37 0
9
9 19 41 25 12 30 50 37 0
9
12 7 29 7 43 1 14 4 0
18
26 28 27 49 39 29 37 18 8 19 36 26 41 19 5 23 40 0
9
25 20 44 16 34 35 14 8 0
7
14 25 22 18 35 32 0
5
40 18 49 9 0
5
41 26 8 5 0
11
47 9 43 35 4 27 48 33 8 41 0
18
48 32 46 45 11 42 15 13 37 31 16 28 20 39 42 5 13 0
5
48 37 28 31 0
14
17 19 24 2 20 22 8 21 33 45 16 24 26 0
14
23 18 10 17 29 2 20 20 29 1 22 35 2 0
8
39 17 7 40 50 1 50 0
19 7
5
5
23 3 10 38 0
12
25 13 35 49 34 40 17 29 18 48 2 0
17
6 46 41 19 4 30 40 3 16 47 45 39 26 25 15 3 0
10
9 40 28 25 18 17 5 49 1 0
16
10 2 34 32 15 32 36 17 31 20 16 20 32 28 14 0
26 14
7
18
18 14 26 6 3 50 36 33 6 7 8 32 7 6 21 45 16 0
11
5 29 25 31 36 26 2 19 39 22 0
19
39 26 8 9 12 16 38 27 1 46 50 16 5 30 44 40 39 46 0
20
40 1 31 40 42 37 48 12 6 16 7 48 27 16 32 2 16 48 20 0
15
45 43 6 49 32 12 27 20 38 43 49 17 28 16 0
9
16 8 12 23 15 42 2 37 0
13
30 21 43 50 34 21 4 6 29 49 27 38 0
34 5
9
6
36 48 13 25 48 0
12
39 15 28 44 15 27 1 10 33 22 38 0
8
11 21 27 21 48 50 10 0
15
18 3 4 33 33 39 40 35 9 11 27 1 29 26 0
6
16 10 29 9 47 0
19
38 6 32 19 29 28 7 43 16 42 38 22 26 34 11 47 36 14 0
20
28 10 22 21 25 4 40 36 45 27 21 10 5 32 15 23 40 36 40 0
12
38 34 6 49 23 29 12 10 6 12 48 0
7
23 13 16 15 4 38 0
41 2
15
11
24 44 47 23 26 42 22 25 38 5 0
18
47 36 4 5 10 9 30 47 30 46 26 15 4 23 9 1 11 0
7
39 8 34 15 7 25 0
7
44 32 41 5 36 11 0
17
21 37 47 25 24 23 34 29 3 18 4 47 25 7 12 37 0
12
34 7 24 9 22 47 16 17 10 3 6 0
9
6 36 38 11 31 38 14 19 0
15
10 14 19 40 47 22 7 44 24 27 33 42 45 47 0
14
47 12 22 16 3 41 14 20 47 36 47 43 29 0
10
29 3 6 4 25 8 45 4 36 0
7
2 16 44 29 33 40 0
6
1 8 38 17 36 0
14
25 17 32 42 35 32 13 44 14 13 41 46 34 0
19
45 11 35 15 36 28 35 35 41 2 30 22 20 8 46 44 34 25 0
15
28 7 10 26 29 45 43 47 11 42 37 14 42 25 0
40 3
12
7
18 8 30 2 3 16 0
11
23 4 4 47 5 6 19 3 33 5 0
13
36 20 50 11 31 33 3 30 5 30 1 14 0
14
26 49 34 47 21 31 40 41 37 19 19 36 10 0
5
36 21 37 11 0
9
3 1 32 14 13 43 45 2 0
5
24 6 15 50 0
9
17 41 41 26 45 41 13 49 0
15
32 4 38 18 50 49 48 33 30 12 36 13 29 18 0
10
27 29 12 39 39 34 25 39 13 0
20
10 20 24 23 8 26 19 24 39 39 9 40 35 14 19 2 25 1 41 0
17
17 49 37 12 48 28 38 10 34 43 11 49 49 22 40 20 0
6 20
8
12
8 18 21 2 44 43 43 33 27 30 45 0
10
23 43 20 24 10 48 8 7 31 0
17
18 24 17 36 10 16 24 15 7 29 4 42 46 26 37 27 0
5
16 30 6 28 0
13
42 36 43 44 16 29 46 4 47 49 27 33 0
12
35 50 46 8 17 4 7 3 32 29 6 0
13
4 12 5 29 16 18 25 28 20 15 50 37 0
6
2 30 2 14 3 0
8 17
11
16
41 9 11 50 36 36 41 19 15 17 3 30 1 35 28 0
11
9 38 21 32 18 39 46 42 27 4 0
11
42 14 25 21 16 47 21 23 12 20 0
7
10 16 7 49 46 12 0
6
47 21 28 12 38 0
16
50 31 21 13 7 14 15 38 21 46 38 1 23 49 23 0
15
34 41 20 15 32 2 7 16 15 41 49 22 41 5 0
12
37 25 19 32 45 4 8 49 42 26 26 0
20
3 20 47 18 4 27 6 34 39 40 6 6 44 15 22 4 1 33 17 0
16
25 26 18 26 20 39 37 40 9 19 36 50 2 30 36 0
7
44 19 16 43 13 28 0
28 20
11
12
31 30 32 38 41 3 50 24 1 21 3 0
13
48 8 34 19 46 17 2 24 42 37 24 2 0
16
45 20 28 15 33 43 26 46 25 24 12 43 13 41 44 0
10
19 41 46 23 26 8 47 23 10 0
14
29 45 33 33 48 49 26 23 18 8 16 10 14 0
15
8 28 14 49 6 11 4 36 25 19 10 9 12 8 0
19
25 32 7 43 43 29 18 33 21 41 33 10 48 47 13 8 20 38 0
8
27 28 7 25 14 47 14 0
9
19 22 29 1 6 27 19 41 0
14
46 36 35 14 28 25 41 3 37 3 47 5 40 0
19
31 41 43 45 2 39 14 47 44 29 20 39 38 44 6 47 13 49 0
39 6
16
12
23 17 14 41 6 10 2 46 8 17 22 0
16
6 27 26 28 9 40 17 34 25 46 1 9 15 41 29 0
20
46 31 30 50 41 13 18 28 4 38 17 24 15 17 39 35 49 42 5 0
5
17 18 11 19 0
18
41 1 49 40 40 20 39 29 33 18 45 44 22 10 8 37 21 0
19
43 17 31 35 21 18 49 18 17 4 25 36 30 30 4 33 46 40 0
17
49 43 28 41 45 7 34 7 47 32 32 39 35 23 27 46 0
6
17 39 16 16 2 0
9
8 44 50 2 3 37 38 32 0
8
34 18 14 47 30 3 42 0
15
3 7 7 30 8 2 47 26 22 43 33 5 10 33 0
15
17 3 1 9 16 23 6 8 15 31 48 2 37 11 0
8
19 43 7 34 49 13 15 0
11
40 9 11 14 14 32 44 19 28 35 0
12
32 23 22 47 35 50 8 38 50 41 8 0
13
46 20 46 11 23 42 23 3 2 15 27 44 0
19 15
11
7
43 39 20 48 20 20 0
8
7 9 2 29 42 10 43 0
19
31 40 8 48 28 2 40 7 43 43 46 40 6 16 16 35 16 19 0
13
15 9 50 38 39 27 44 43 33 29 23 4 0
10
10 14 20 48 10 45 10 6 43 0
5
46 5 7 7 0
18
50 29 40 47 39 41 38 4 42 12 7 10 48 50 49 30 22 0
11
6 9 18 11 12 43 20 36 24 20 0
7
45 23 18 48 11 33 0
20
26 5 15 43 27 39 47 25 18 49 2 4 6 24 21 2 28 38 2 0
10
50 5 43 42 37 10 15 27 9 0
31 15
18
6
39 10 14 30 30 0
6
41 18 43 25 46 0
12
23 8 21 35 42 50 30 37 29 9 9 0
9
41 32 13 50 45 48 20 8 0
13
27 15 15 6 28 24 21 21 35 25 35 43 0
17
10 27 3 24 3 36 32 33 45 37 29 12 13 7 13 41 0
16
20 33 23 24 31 13 42 20 42 3 37 40 48 1 32 0
6
30 38 22 43 50 0
9
17 18 26 26 37 45 39 29 0
19
11 31 24 25 40 10 40 12 20 31 17 8 40 39 11 31 10 11 0
8
9 13 42 9 25 40 37 0
15
16 25 1 30 15 48 11 12 25 11 33 28 4 3 0
6
16 6 39 20 24 0
11
30 2 13 39 13 37 9 47 39 17 0
16
28 27 22 43 4 6 14 35 21 33 46 43 9 2 28 0
7
27 36 8 48 1 32 0
20
22 33 32 11 29 16 4 7 36 4 41 14 11 21 39 36 18 11 36 0
19
41 30 7 38 35 35 31 45 37 30 24 14 11 50 23 34 10 45 0
20 9
16
19
11 5 7 30 38 6 3 32 12 21 42 7 5 2 38 8 50 46 0
9
4 11 46 18 26 41 11 29 0
17
41 26 36 45 14 31 15 41 28 2 6 9 24 16 44 2 0
12
42 21 12 33 32 10 42 15 42 36 30 0
6
34 39 28 4 10 0
15
10 16 29 46 26 7 14 34 2 16 36 18 2 46 0
18
19 45 26 26 39 49 34 42 31 23 10 47 29 10 7 32 2 0
13
47 17 21 45 24 45 2 34 39 45 48 38 0
7
28 15 44 13 43 31 0
19
12 29 22 9 2 46 20 47 28 30 13 21 15 12 9 44 7 5 0
8
36 45 48 34 43 15 37 0
5
44 7 28 13 0
9
13 4 22 20 27 2 27 26 0
15
25 7 28 12 35 47 26 26 30 11 22 27 12 32 0
8
22 14 11 25 17 19 25 0
20
38 27 19 3 21 27 12 30 21 29 45 31 42 14 43 35 38 2 41 0
5 19
9
18
14 13 11 2 26 37 17 9 16 8 35 33 18 16 5 50 23 0
6
24 30 3 15 21 0
10
44 44 25 41 4 28 42 16 36 0
8
17 43 24 31 4 33 24 0
17
6 44 34 36 9 3 40 23 10 7 15 46 11 15 10 15 0
6
40 36 39 17 5 0
13
1 41 27 46 42 28 43 27 10 6 14 36 0
11
40 31 24 38 5 21 24 34 45 41 0
10
28 48 5 24 14 27 25 17 10 0
37 17
7
9
30 15 34 49 50 9 33 19 0
14
7 43 19 38 23 8 34 38 1 1 25 6 10 0
6
8 13 45 25 15 0
18
25 19 12 4 31 28 2 20 45 33 38 10 11 3 11 34 33 0
7
15 43 33 1 19 40 0
10
30 14 40 17 44 45 20 16 36 0
17
8 14 24 33 39 3 11 43 7 42 46 21 11 15 16 5 0
8 8
10
16
33 43 26 26 37 6 40 22 31 40 44 49 15 29 45 0
9
28 14 5 8 28 47 29 27 0
7
28 44 41 43 30 1 0
14
28 45 30 4 4 24 3 19 37 5 15 22 34 0
13
16 20 14 27 43 7 46 9 5 49 48 5 0
19
45 33 2 26 2 34 26 6 38 23 25 46 49 35 5 36 6 28 0
10
9 21 21 44 43 30 12 6 18 0
14
45 3 19 29 44 15 43 29 4 9 17 23 40 0
13
23 25 46 29 14 36 2 5 42 43 24 33 0
10
23 2 9 15 23 46 27 33 42 0
33 18
7
18
42 32 5 50 23 26 20 12 50 44 6 19 17 7 10 28 23 0
8
6 29 19 20 12 8 14 0
15
3 16 20 12 1 46 28 5 31 10 32 14 9 8 0
18
19 14 38 26 15 47 9 35 22 18 14 26 2 36 14 7 40 0
12
12 13 16 24 13 48 38 36 1 36 19 0
14
10 30 16 48 8 25 46 25 11 5 36 42 10 0
17
48 18 14 29 2 23 28 13 44 49 7 41 23 9 14 27 0
18 19
18
7
39 34 31 18 27 42 0
10
32 9 10 31 16 37 24 37 36 0
8
32 38 11 36 1 40 14 0
17
18 33 41 14 42 43 23 1 2 31 15 11 34 39 22 36 0
18
42 46 7 43 1 15 36 34 39 6 4 33 49 20 31 27 15 0
18
28 50 25 31 9 18 27 34 42 40 1 1 28 2 27 31 32 0
8
7 47 8 10 5 8 41 0
17
42 10 25 30 27 9 37 15 24 31 16 28 3 8 7 4 0
16
12 38 1 13 29 20 44 6 37 30 15 15 28 26 15 0
17
28 23 10 48 44 37 40 15 39 35 43 31 18 42 48 20 0
14
37 28 30 49 35 41 21 9 34 19 43 7 13 0
18
45 49 44 26 40 12 30 49 13 50 16 26 27 28 48 24 29 0
10
29 22 38 4 7 9 28 41 31 0
7
21 23 43 7 8 15 0
7
10 3 16 32 5 44 0
5
30 4 31 7 0
20
37 37 6 39 1 6 8 36 11 27 34 33 44 17 40 2 16 13 25 0
15
38 48 28 40 20 34 20 24 21 4 36 30 44 9 0
21 7
14
15
38 36 24 8 12 45 19 45 27 26 34 20 32 4 0
10
1 35 38 26 39 45 42 7 36 0
17
5 18 33 12 30 35 34 46 41 17 20 7 45 43 14 47 0
9
8 5 2 49 7 26 36 23 0
8
40 40 18 26 43 6 5 0
9
20 44 47 31 14 6 34 43 0
18
30 13 2 35 41 49 19 8 15 5 16 48 9 12 6 24 16 0
17
11 42 26 42 32 20 25 34 10 37 22 15 20 45 21 29 0
10
15 44 48 7 43 49 42 7 21 0
8
27 1 2 1 46 26 32 0
10
14 46 4 38 49 43 23 44 14 0
13
10 27 40 32 50 27 47 45 14 28 44 11 0
11
20 17 4 44 29 15 12 33 11 44 0
7
34 24 20 9 19 23 0
31 17
20
19
41 20 47 48 21 48 36 43 17 6 22 31 19 19 9 18 19 26 0
14
44 12 45 21 26 45 21 32 38 38 45 3 49 0
14
1 32 46 6 33 45 6 14 23 43 11 5 44 0
12
38 27 45 43 49 44 7 32 21 5 14 0
10
35 36 32 39 1 29 37 35 40 0
16
2 29 7 43 31 44 41 34 41 47 34 28 29 46 11 0
18
34 13 7 10 20 36 49 42 20 11 19 37 49 19 35 31 11 0
14
45 33 15 43 31 6 12 23 20 1 47 31 13 0
13
41 28 17 19 45 44 32 20 11 4 47 16 0
5
13 15 44 16 0
12
15 49 49 39 6 3 50 23 47 13 5 0
14
49 13 12 49 29 47 32 26 42 15 37 37 4 0
19
47 14 44 29 11 28 43 42 27 28 39 33 4 6 41 46 50 35 0
13
41 32 15 35 40 34 27 21 42 49 9 42 0
12
34 17 1 9 2 19 42 39 22 29 37 0
10
30 8 43 4 10 30 30 38 47 0
5
17 20 12 14 0
11
10 18 49 15 16 4 36 31 14 12 0
7
43 43 11 42 33 45 0
6
41 15 47 16 36 0
20 6
20
15
37 39 9 46 39 14 18 9 34 11 36 1 12 42 0
20
44 33 29 45 41 36 29 49 21 11 50 17 15 40 13 45 13 18 18 0
15
12 8 18 13 7 40 38 28 9 23 50 26 19 11 0
11
45 1 34 48 41 44 48 33 27 20 0
16
34 34 46 7 14 42 24 40 39 11 26 26 36 6 37 0
10
47 35 6 29 48 31 44 32 4 0
5
45 14 17 43 0
7
41 13 47 4 4 16 0
7
41 46 40 31 26 42 0
14
10 29 3 34 25 44 29 42 28 18 46 6 5 0
5
42 15 26 36 0
5
29 25 45 9 0
19
18 47 16 46 33 19 19 41 45 3 19 3 33 9 32 1 49 12 0
7
45 48 40 35 39 29 0
7
5 1 18 43 2 1 0
10
24 23 29 19 16 15 23 24 8 0
11
3 1 27 28 42 22 8 45 43 5 0
16
45 8 44 45 19 30 40 22 12 25 8 7 49 48 7 0
18
18 28 20 25 44 7 3 28 19 44 48 23 16 48 36 39 24 0
8
30 16 3 29 32 10 5 0
23 15
