20
9
13
40 43 27 3 24 23 31 14 18 29 3 18 0
13
44 48 47 12 9 25 30 35 37 27 9 30 0
6
3 39 20 2 49 0
12
42 39 19 37 28 14 29 24 41 23 18 0
9
23 23 45 32 46 46 26 35 0
17
8 37 46 27 10 4 25 7 48 41 32 28 45 21 46 3 0
17
17 41 37 35 39 30 5 6 21 38 40 29 12 30 7 1 0
20
47 32 50 50 26 33 12 9 33 1 43 41 45 32 5 45 42 12 4 0
9
39 25 34 11 38 15 7 41 0
31 7
5
19
29 39 23 27 14 3 13 34 6 29 25 19 10 19 41 19 13 13 0
14
27 50 19 17 45 18 16 18 35 6 29 12 42 0
11
23 13 5 49 11 28 23 42 21 5 0
10
21 23 39 31 42 18 21 22 43 0
9
5 22 2 29 24 8 17 9 0
3 12
15
14
32 18 36 14 2 45 1 45 48 37 23 7 48 0
11
49 19 21 38 21 30 10 36 15 32 0
16
47 24 50 23 3 44 15 26 25 21 38 8 31 23 25 0
20
13 4 26 8 18 39 2 2 33 20 31 37 32 25 45 42 14 18 44 0
18
27 4 4 1 12 25 10 18 46 46 29 22 10 43 45 46 37 0
11
33 44 20 30 44 39 3 11 47 45 0
20
35 49 8 14 35 38 23 31 17 32 50 21 35 14 46 34 20 5 3 0
9
13 7 21 47 37 46 7 25 0
8
21 50 49 49 40 25 24 0
7
2 50 30 16 12 43 0
7
50 15 15 41 40 13 0
17
1 46 29 20 27 5 24 37 3 34 21 31 21 40 21 11 0
16
14 6 3 20 20 19 25 49 40 2 4 11 23 44 6 0
20
12 41 33 11 30 20 23 30 2 30 12 49 28 42 4 29 6 40 42 0
8
7 9 32 41 46 43 44 0
26 2
15
18
27 28 7 18 36 8 35 27 46 36 4 48 23 28 27 41 32 0
20
19 4 44 13 36 38 50 17 17 35 48 30 45 16 26 2 36 13 49 0
13
2 38 19 16 6 50 25 12 4 24 10 46 0
16
22 47 9 22 21 15 19 7 34 22 12 28 2 44 31 0
7
1 47 49 34 6 49 0
8
35 37 7 33 11 45 30 0
14
26 27 43 30 48 47 22 35 36 38 14 34 10 0
19
15 48 6 4 19 19 15 2 14 20 5 27 7 34 21 8 11 16 0
6
29 41 40 2 41 0
19
37 18 14 28 22 18 42 24 40 34 30 13 1 46 49 23 47 42 0
12
39 5 14 38 24 9 44 26 30 22 36 0
7
37 49 36 40 9 37 0
9
27 33 9 10 33 28 46 11 0
12
8 47 1 25 47 7 11 31 36 24 15 0
9
8 31 17 41 26 2 8 9 0
25 14
7
8
15 22 32 14 17 40 29 0
13
23 9 19 36 39 41 39 5 18 46 26 5 0
5
26 39 47 31 0
5
10 2 44 3 0
17
26 4 4 31 49 8 21 2 16 30 36 9 2 46 46 5 0
5
7 47 33 4 0
15
39 32 15 35 11 46 34 8 4 21 16 20 30 31 0
42 3
5
14
26 7 16 44 28 31 31 12 26 7 14 48 5 0
7
8 35 29 35 25 1 0
13
32 44 3 2 26 39 11 34 14 2 27 41 0
17
35 49 33 6 48 44 45 20 24 41 17 27 5 13 10 50 0
19
45 31 38 8 8 7 46 31 46 34 11 3 12 17 49 4 14 39 0
32 5
16
7
48 26 1 14 18 43 0
15
41 24 49 37 40 31 12 26 23 32 14 15 3 49 0
9
2 12 21 5 15 44 22 35 0
11
49 14 30 15 46 4 40 13 15 8 0
11
4 24 46 38 38 30 21 4 1 50 0
20
47 33 31 24 7 1 39 6 18 7 24 45 6 25 19 26 3 1 28 0
8
28 6 3 3 6 44 24 0
13
14 4 17 43 2 33 23 29 25 28 25 16 0
6
2 24 23 26 2 0
7
1 13 31 12 5 49 0
17
10 22 7 25 28 48 39 46 44 36 12 2 8 31 22 22 0
17
29 4 16 35 16 36 10 18 22 6 48 5 37 38 31 19 0
18
20 21 44 13 40 50 9 18 45 45 48 27 7 44 32 15 36 0
9
9 37 36 31 44 30 16 27 0
8
46 16 3 14 34 23 20 0
17
48 32 7 27 30 28 2 25 33 15 22 16 41 10 24 8 0
36 10
12
7
23 7 11 38 19 34 0
13
17 38 2 18 25 38 13 24 49 40 31 13 0
17
16 28 44 5 46 4 49 20 8 30 7 6 1 19 25 24 0
11
47 15 26 15 18 43 7 31 44 24 0
11
7 26 38 13 36 47 23 35 35 44 0
20
22 44 32 45 18 5 38 49 1 47 41 31 46 4 50 37 41 35 7 0
19
44 25 11 15 11 4 46 43 22 17 25 4 36 50 30 20 48 14 0
17
31 48 39 1 31 19 9 20 35 11 43 32 25 4 26 17 0
5
42 5 30 45 0
20
14 40 44 9 32 10 4 35 2 16 15 41 41 29 17 38 8 7 25 0
20
23 36 8 49 17 8 8 33 31 36 8 3 44 38 21 19 20 41 35 0
7
13 3 13 48 31 7 0
19 20
6
16
32 25 22 35 41 15 43 18 23 4 18 35 1 27 37 0
13
25 16 41 42 5 35 12 48 16 7 17 34 0
18
41 49 1 23 37 1 13 39 31 35 7 34 46 36 7 31 2 0
5
18 50 46 20 0
19
36 7 29 3 1 22 21 33 20 39 9 29 6 43 1 41 40 12 0
12
25 8 44 49 39 38 29 22 48 24 32 0
23 7
6
16
12 5 25 19 24 25 17 44 7 18 3 2 47 28 31 0
9
27 6 44 39 18 16 3 24 0
15
35 9 46 47 39 4 14 46 12 28 12 24 36 27 0
9
1 23 4 20 30 2 5 1 0
14
25 13 30 25 10 41 8 15 40 30 5 50 46 0
16
46 21 19 39 3 12 1 5 23 7 23 10 46 39 24 0
40 8
14
18
24 21 19 3 50 27 32 31 42 32 39 46 12 19 21 22 48 0
16
44 6 6 21 21 19 11 22 6 47 49 3 28 21 8 0
20
8 32 28 15 36 24 22 46 6 11 48 1 31 19 41 7 36 8 12 0
7
47 6 35 24 41 45 0
7
13 30 32 26 41 25 0
11
19 21 33 7 32 44 34 30 14 4 0
6
26 45 28 46 49 0
20
19 5 44 10 47 35 2 22 5 45 37 30 36 11 8 3 20 49 4 0
5
36 16 15 35 0
14
2 3 4 47 10 24 9 9 4 30 13 49 23 0
9
11 26 19 20 1 1 14 12 0
20
17 14 40 14 46 28 16 28 46 31 50 2 6 20 48 39 2 50 43 0
20
41 16 22 12 27 39 15 46 19 39 23 23 27 26 35 50 46 17 24 0
5
19 7 5 4 0
19 16
12
16
45 13 45 26 37 2 48 36 15 44 8 43 9 23 1 0
18
46 40 27 45 38 39 4 32 2 37 39 5 7 47 25 47 18 0
19
9 13 11 38 7 36 35 27 43 5 6 37 2 11 26 27 31 27 0
17
1 33 10 31 2 48 35 32 1 4 8 32 31 34 17 37 0
5
39 34 49 39 0
20
28 15 45 27 46 6 16 37 2 28 5 46 7 14 34 20 8 31 33 0
14
45 38 32 14 46 38 48 6 44 45 26 29 12 0
20
35 33 26 12 19 35 37 40 18 38 16 39 7 40 50 6 36 47 45 0
6
30 29 12 16 36 0
8
49 20 17 15 49 47 12 0
12
8 15 14 27 25 23 45 28 39 19 9 0
13
39 31 41 47 31 33 47 1 33 28 40 29 0
14 8
18
8
9 4 34 19 44 31 50 0
8
10 12 32 10 18 31 30 0
15
14 22 30 42 50 13 41 14 1 24 32 33 8 43 0
11
30 2 39 43 12 18 49 6 6 10 0
19
4 33 24 40 43 31 23 36 17 7 31 5 37 37 17 19 8 6 0
18
17 16 33 36 38 15 36 12 24 17 13 45 12 48 26 43 22 0
19
40 4 19 21 20 5 1 46 23 28 1 26 7 26 25 8 48 49 0
18
34 38 19 48 19 12 35 44 43 20 43 17 20 15 30 27 9 0
20
18 13 36 9 24 29 30 14 33 38 33 24 37 26 44 49 2 18 17 0
12
9 33 44 2 31 34 1 7 36 15 20 0
6
14 50 41 15 14 0
13
2 2 48 19 6 29 25 8 17 4 14 24 0
6
18 29 20 7 3 0
18
16 16 49 45 7 16 44 25 8 20 13 35 15 11 35 11 23 0
10
21 45 34 10 32 43 46 45 50 0
13
18 43 30 10 9 1 23 18 2 2 4 22 0
5
31 49 43 13 0
7
13 44 28 7 23 9 0
13 10
18
7
32 36 41 23 26 32 0
11
41 25 18 20 1 21 10 36 41 23 0
5
7 39 39 11 0
8
46 11 44 42 17 43 30 0
7
19 37 3 7 38 36 0
14
50 26 8 7 39 48 14 37 8 37 16 30 37 0
12
5 46 20 14 32 21 20 14 49 42 46 0
20
48 17 7 42 36 26 9 36 36 29 21 38 30 10 3 10 15 24 6 0
20
19 5 45 32 13 48 47 16 49 1 43 7 6 13 11 35 44 50 26 0
17
19 29 6 39 33 5 2 25 47 40 9 22 19 47 30 12 0
19
16 20 21 22 18 21 11 5 39 33 19 16 34 34 40 44 24 22 0
17
16 45 15 2 34 24 46 2 1 4 8 41 43 33 45 43 0
20
38 33 20 6 28 17 48 46 15 18 13 45 18 13 25 11 27 27 2 0
10
30 31 43 26 36 6 38 7 25 0
7
49 23 30 44 32 38 0
7
35 23 33 5 22 18 0
8
19 14 44 45 19 43 28 0
13
17 43 21 44 29 46 19 16 24 19 12 46 0
48 20
8
10
43 1 11 30 14 25 21 27 32 0
11
24 44 42 9 18 31 49 40 2 50 0
5
38 49 29 27 0
16
28 50 2 32 40 43 44 9 45 35 36 35 38 9 8 0
5
21 22 25 25 0
5
5 40 16 4 0
16
11 22 47 26 47 39 26 11 31 26 50 32 38 40 24 0
12
28 44 49 3 21 35 30 19 8 14 47 0
38 10
9
16
33 27 29 27 2 2 28 31 25 25 50 11 42 3 6 0
11
29 30 13 26 37 11 4 36 49 18 0
5
9 38 22 1 0
13
11 18 47 3 1 45 21 44 28 47 46 39 0
8
14 3 23 5 10 23 32 0
16
20 4 30 27 41 39 49 13 48 14 16 44 32 33 11 0
15
31 34 13 6 49 50 19 8 36 21 38 33 47 4 0
9
1 32 11 11 47 4 23 28 0
13
20 22 46 10 44 33 17 16 25 20 13 23 0
12 9
13
18
30 39 26 18 49 48 34 23 44 5 29 36 37 6 5 26 15 0
20
1 36 1 50 44 41 6 4 2 14 37 46 19 1 4 26 8 29 24 0
5
29 43 4 21 0
20
36 36 39 15 24 22 5 41 17 23 1 7 12 19 19 49 30 27 14 0
11
26 43 9 7 48 6 21 36 1 21 0
13
44 41 13 28 43 6 29 12 31 4 1 33 0
11
50 36 13 1 7 15 37 27 28 44 0
7
29 13 36 16 24 18 0
9
45 24 22 30 35 50 16 31 0
8
19 19 5 20 31 2 35 0
10
47 46 24 46 35 4 46 21 14 0
11
41 6 12 28 13 13 48 29 2 2 0
9
28 25 30 27 48 47 41 46 0
47 5
14
8
24 22 13 31 19 9 7 0
10
14 33 4 35 48 31 43 39 24 0
10
1 5 38 28 40 5 8 32 23 0
12
38 33 25 36 24 31 50 47 24 23 17 0
17
43 23 3 34 38 16 23 16 9 43 49 19 13 38 3 6 0
15
29 23 29 33 45 13 3 27 14 41 41 3 17 49 0
10
17 25 6 42 4 32 35 25 3 0
16
9 5 11 20 36 38 25 30 20 46 4 11 15 40 44 0
13
16 42 4 2 12 25 38 30 25 32 2 40 0
7
36 46 24 13 49 19 0
15
35 3 11 37 48 42 33 16 25 19 31 37 10 33 0
12
3 22 14 25 39 26 36 32 2 50 43 0
9
44 20 28 30 38 10 10 5 0
7
32 21 13 17 31 42 0
4 7
16
20
5 7 13 41 9 44 45 19 4 3 13 49 22 1 7 40 30 24 2 0
13
39 32 26 27 41 10 31 25 13 41 47 30 0
11
16 44 50 36 30 48 20 8 43 18 0
16
10 8 11 5 23 46 30 40 22 22 29 3 15 35 30 0
5
3 5 21 5 0
19
47 40 24 21 22 15 18 15 3 37 11 17 12 19 1 32 29 15 0
9
19 7 37 9 30 48 6 4 0
19
20 15 8 16 15 2 26 12 28 23 6 16 42 12 8 24 20 27 0
9
18 3 26 13 34 6 49 50 0
15
30 23 23 42 16 8 16 15 1 26 15 36 24 30 0
19
21 1 26 2 13 41 39 35 33 29 2 50 19 8 30 5 21 35 0
17
2 35 48 15 2 10 38 20 48 40 26 27 16 13 23 10 0
5
2 21 17 27 0
19
2 14 21 29 49 14 5 24 26 49 49 3 41 8 28 22 22 39 0
17
42 3 22 19 21 43 7 29 3 45 27 28 11 17 24 43 0
17
12 4 16 33 49 15 17 48 33 17 47 26 28 35 44 33 0
29 16
6
20
44 46 43 33 40 3 19 41 33 27 48 31 31 27 41 15 40 25 42 0
16
23 13 36 46 25 22 45 36 13 34 2 6 29 8 48 0
20
37 35 44 22 36 34 19 44 44 24 13 50 15 2 7 47 44 30 18 0
11
20 36 45 30 7 19 43 26 31 38 0
6
6 20 43 48 35 0
18
47 42 1 33 11 36 26 18 17 27 20 41 25 27 42 35 11 0
33 1
